% 测试，求最大化指派。

c =[0.7 0.1 0.1  0.7 0.4 0.7  0.6 0.7 0.8 0.5;
     	   0.9 0.9 0.8  0.9 0.8 0.9  0.6 0.4 0.3 0.3;
		   0.3 0.7 0    0.9 0.1 0.3  0.6 0.5 0.4 0.8;
           0.1 0.2 0.9  0.7 0.6 0.3   0.6 0.7 0.5 0.5;
           0.8 0.1 0.6  0.7 0.4 0.9   0.4 0.5 0.7 0.8;
           0.2 0.6 0.1  0.7 0.5 0.8   0.9 0.9 0.5 0.4;
           0.4 0.6 0.7  1 0.4 0.9     1 0.3 0.4 0.7;
           0.7 1 0.4    0 0.5 0.7    0.4 0.1 0.3 0.4;
           0.1 0.4 0.3   0.7 0.5 0   0.5 0.9 0.8 0.7;
           0.6 0.1 0.3   0.1 0.7 0.3   0.5 1 0.9 0;]
[plan] = part_min_assign(1-c)