s=[ 1 2 3 4; 1 3  4 2;  3 1 4 2;]
dislist=100+[ 0 1 3 4;1 0 2 5; 3 2 0 3;4 5 3 0];